Коряковцев Алишер, ИУ8-34

Внутримашинные представления графов. Выявление связности графа



20


 1 1 1 0 0 0 0 0 0 0  0  0  0  0  0  0  0  0  0  0
 1 1 0 1 0 0 0 0 0 0  0  0  0  0  0  0  0  0  0  0
 1 0 1 0 0 0 0 0 0 0  0  0  0  0  0  0  0  0  0  0
 0 1 0 1 1 0 0 0 0 0  0  0  0  0  0  0  0  0  0  0
 0 0 0 1 1 1 0 0 0 0  0  0  0  0  0  0  0  0  0  0
 0 0 0 0 1 1 0 0 0 0  0  0  0  0  0  0  0  0  0  0
 0 0 0 0 0 0 1 1 1 0  0  0  0  0  0  0  0  0  0  0
 0 0 0 0 0 0 1 1 1 0  0  0  0  0  0  0  0  0  0  0
 0 0 0 0 0 0 1 1 1 1  0  0  0  0  0  0  0  0  0  0
 0 0 0 0 0 0 0 0 1 1  1  0  0  0  0  0  0  0  0  0
 0 0 0 0 0 0 0 0 0 1  1  0  0  0  0  0  0  0  0  0
 0 0 0 0 0 0 0 0 0 0  0  1  1  1  0  0  0  0  0  0
 0 0 0 0 0 0 0 0 0 0  0  1  1  1  0  0  0  0  0  0
 0 0 0 0 0 0 0 0 0 0  0  1  1  1  0  0  0  0  0  0
 0 0 0 0 0 0 0 0 0 0  0  0  0  0  1  1  0  0  1  0
 0 0 0 0 0 0 0 0 0 0  0  0  0  0  1  1  1  0  0  0
 0 0 0 0 0 0 0 0 0 0  0  0  0  0  0  1  1  1  0  0
 0 0 0 0 0 0 0 0 0 0  0  0  0  0  0  0  1  1  1  0
 0 0 0 0 0 0 0 0 0 0  0  0  0  0  1  0  0  1  1  0
 0 0 0 0 0 0 0 0 0 0  0  0  0  0  0  0  0  0  0  1

Граф несвязан.

Граф состоит из 5 связанных компонент:

1-2-4-5-6-3

7-8-9-10-11

12-13-14

15-16-17-18-19

20

